File type = "ooTextFile"
Object class = "Matrix 2"

0
9.438004535147392
626
0.015
0.031502267573696834
1
1
1
1
1
0
0
0
0
0
0
0
0
0
0
0
0
0
0
0
132.37457715553302
132.8441258796718
131.1030123785038
129.6388113729822
129.53307481650037
130.23924681330024
133.59431154596817
138.01029046934033
141.40489692395116
135.06190120186207
130.4353168273455
131.34421667797838
130.5414797513733
130.00939316851643
131.0507893168851
131.41108220408123
131.55110080261244
0
158.00917870655294
152.74670624345373
146.13624793487526
139.27927237982502
134.34289972741274
0
0
0
0
0
0
159.93273557033314
160.87231323870859
161.6208313430483
162.33258355732917
163.12489177248608
164.17080746956805
157.26888842808327
150.96389393553085
0
0
0
0
0
0
172.63753419073237
174.04526520547358
175.18884658081018
176.50905398949507
179.2009925834058
191.90845347512433
196.93152875104798
202.91842055917505
207.48952828872743
202.1617019280004
202.21196124508168
399.387608454539
406.5928455981518
429.3552604946176
426.28943537911204
405.0307938062594
393.6042727025716
0
0
0
411.89174154024704
413.3786878600034
415.39384668105964
416.82666530142546
403.6940918164468
399.0689336517047
388.15383451439067
383.0663820295305
367.6728100733126
373.5735526575852
385.3793166070058
393.75505289040353
398.659268188681
0
115.2354832398372
123.13824845131344
125.87110743349736
127.40413981610587
133.448909332392
139.6216285931371
146.2966590985531
154.3617918314712
161.1177619820249
165.76456627101166
172.13132633904985
129.55264207999946
134.51758843101334
135.77934723587674
0
347.94550761171917
332.61749323051816
0
0
0
0
0
0
104.42344204345945
101.35786621710088
98.861873864473
96.40727619430743
93.31319145703749
0
0
0
0
0
0
0
0
0
0
0
0
0
0
94.77615648461513
95.59028562667497
0
0
0
0
0
0
0
0
0
0
0
0
0
0
0
0
0
0
0
0
0
0
0
0
0
0
0
82.11835120046442
84.6459697834353
88.80645350654144
88.70937309070025
87.50548201002017
85.51183899756688
82.62374573907147
0
0
0
0
0
0
0
0
0
0
494.6757060644696
490.8554362084446
480.34231835212785
433.8037088464031
418.22124535797576
374.4667213515169
374.6490256423929
393.6335346346474
397.94211586379697
406.9849171516084
416.3502255348115
417.3826209868072
399.534234533231
383.36204844182527
0
102.5520365967212
95.8949557659846
92.19518577936883
102.44228364746908
103.69745845496567
103.87439565162748
103.17712448280572
99.83600954408234
98.55582349674424
95.81418725821608
92.06577910931347
91.82598605979652
92.06430540243844
89.05189681704823
87.02660485414683
85.6458297793724
0
210.9626315936064
209.89847332835296
218.76169123269185
212.22566711715146
0
0
0
0
93.44382117414055
92.09850079240125
90.44569302560095
89.0769226388383
87.54197092514745
86.34688208824372
85.09414737423769
83.58401266341734
85.17043458192444
85.15393708882145
84.96070889195781
86.94713872794175
86.78028157279948
85.62338425242949
85.35285927520732
85.29715578747387
82.95405877566618
0
0
0
0
0
0
0
0
0
0
0
90.41066484465232
87.45717341649075
84.5484383508411
83.14517583887034
81.5307897973757
82.38189354440883
83.20779591323533
0
0
0
0
0
0
0
0
120.2759891013522
125.95134615746747
132.71261994772516
137.22220511086525
139.9867829927399
139.79958627978831
138.3887091376466
136.23879265123523
134.65929965781146
133.60407849353788
135.43638624540284
137.21083162703414
137.39294010522346
138.00772989163326
135.329032889918
135.59981497168576
135.5794323235574
0
0
0
0
0
0
0
0
0
0
0
0
0
0
0
0
0
127.18973284623533
120.30424649969261
123.52334632361512
126.71278366074283
131.55632020396092
132.73369516936694
131.97389165471782
126.62580469463217
111.63674465856023
120.14040186851989
126.8376248514279
127.97755334447744
125.38205680326169
122.84808678956009
120.78309951455478
118.7151128136535
117.930669241205
117.22429305906213
121.2520404768159
119.62127758098185
116.35358183610093
116.69804979344829
117.11903117298726
118.2209137109359
119.13728567891224
119.40618221259187
119.27857470282152
120.26254286684959
98.41112098493296
92.96610781088782
0
0
0
0
122.80316019806911
120.07990867837744
120.27418665346912
120.10834145364201
119.67007244725066
118.5207946637233
0
0
0
0
0
0
490.25878414271995
490.2873615445373
491.2427759119176
476.34564679826974
492.9877803147083
491.04298586217476
395.90389049381395
381.0771165913616
0
0
0
0
0
426.2529945113715
419.78438544776395
411.21211622830367
399.83086140451707
387.57118143905893
0
0
0
0
0
0
0
0
403.68797841153315
408.4633480862745
401.23580671076417
401.7062400267571
0
0
204.80849328727442
198.14045932271344
198.82123305849368
206.3927629820464
0
0
0
0
0
0
0
0
0
0
508.3757960778138
517.92214299705
534.4649765585852
522.51255360264
0
93.46804239782855
91.59489257247321
89.62354692760063
86.0164191433988
84.30875426399096
83.25415194141651
83.3605196344833
85.94015883010309
86.18600405058002
84.50237201390274
0
0
0
0
0
0
0
0
0
0
0
0
0
0
0
0
0
0
0
0
0
0
0
0
0
0
0
0
0
0
519.9382629279334
511.5391772414771
0
0
0
0
0
0
0
0
0
0
0
0
0
0
96.2784380377415
96.75121050408998
95.57076049464459
93.71213965131982
0
0
0
0
89.69558752897389
89.50779010251466
87.78970571202598
87.99526898228471
88.91315123678974
89.41782024263433
89.67588565593275
87.8688813248895
86.04391096698896
84.51907351087749
81.62969511373882
80.84899178513831
81.56432087124973
81.5236588996079
81.4820630076123
56.79383326784067
57.30055683520283
0
0
0
0
0
0
0
93.09429156108686
92.29579148929018
88.18587310910199
86.63519789272691
85.26775872703114
85.27347087221858
85.14420768478821
85.93909177957877
86.90226984343731
85.8188249284139
84.72075829363443
84.04117312521825
84.86459939257155
82.44009836141466
82.31483949705
79.82965415446732
80.38989426886022
82.08850761544922
85.42283917799244
88.29561289447409
0
592.4654954414584
562.931723047953
530.5578809458461
0
0
0
0
0
0
0
0
0
0
0
0
0
0
0
0
0
376.6016203497892
379.4878409954271
391.69361248382774
387.61017831788826
389.2081661170965
421.5512192079087
419.5703328865179
412.3214900286467
450.36570144287754
450.5684713295638
451.3219666687007
443.56985660197
477.5447406653575
0
0
0
0
0
0
0
544.4794021811811
547.9261624401829
542.8380405388457
537.4758494593978
528.4524640922576
526.6812607717048
533.1035201802712
534.615910038815
539.6462815026414
0
0
0
0
542.5317973418373
547.7743345529074
545.3669870626987
509.5588292610666
508.8532388413477
536.9305979298194
562.0286744832654
568.4340713459172
559.6296346028788
534.7833312522527
535.8173211186677
510.34018841821
413.68734310330456
400.39304709913864
399.8363359539267
403.21340874714747
0
0
0
0
105.40962610790272
109.82537035088437
114.59419481161181
115.29040444383747
115.67467555136896
119.69297492875573
122.9439299250235
123.94628114204258
123.00071396648404
121.18901026028279
117.1687766640624
117.87422627411563
0
0
0
135.20223168545542
131.21067715697427
129.11706948145832
127.15395928663737
128.60799130886613
129.79201397790862
128.63989973394857
125.70891340978018
131.86229520270382
136.34634279269957
140.1433167898341
140.83187447876512
138.75252861906228
132.78773478813486
131.70359559743181
132.6445365774041
143.23932784651782
161.58228694939078
173.86921077519636
180.80100382280767
189.51657979658046
198.9403836436991
213.2654630350798
227.4467832843804
235.02017641660788
235.51120371629807
227.8339438679277
210.86563419621712
394.21923379317207
391.5473442470787
431.12968227816026
423.6804859403351
0
204.71781887964147
206.25244705956106
