File type = "ooTextFile"
Object class = "Matrix 2"

0
11.121995464852608
738
0.015
0.033497732426303876
1
1
1
1
1
0
0
0
0
0
0
0
0
0
453.7619669526205
451.93298138452974
0
0
0
0
0
0
0
0
0
0
0
0
588.880256388106
583.9825273130834
0
0
0
0
0
0
495.3257258384566
505.2377435781946
498.48424596905534
489.10457895253444
464.2006938416097
0
0
0
0
0
0
0
458.0689622811039
452.45273679088575
429.79665815440177
430.5668031395324
0
0
0
0
0
0
0
0
0
0
0
0
0
0
0
0
0
0
0
0
0
0
0
0
0
0
0
0
0
0
0
0
0
0
0
0
0
0
0
0
0
0
0
0
0
0
0
0
0
0
0
0
0
0
0
0
0
0
0
0
496.2971723325519
500.70858331290907
489.05816085807794
486.2168078438459
473.2161712365262
0
98.83132020447894
126.07951901746438
125.74275292689687
125.90636651259719
125.75982524651724
0
0
0
169.99700285988905
169.6015510912477
172.9464489150682
177.24882572465373
178.966228227098
176.22812342074585
171.40983124567592
0
0
0
0
139.17258477911358
140.55811318208126
138.23653825932286
135.1308398775059
132.65250173039104
128.85364517045036
0
0
0
0
0
0
0
0
0
146.89040760741594
146.04053425026729
145.41774956778644
144.89453243820347
143.62094462566498
142.41805927497782
135.44933981491738
134.95506487817025
134.01369215204562
131.06249634277685
127.84364860839746
125.02604263919137
125.06528199029802
121.02781356959771
121.07936035292157
118.29172453919287
118.92218096026129
119.1607631517339
119.99316775147084
121.03131079996281
129.01902880368016
129.60910618998784
135.35523960731038
139.13694234119978
141.29449851717337
140.8280869459151
138.59226179977566
136.5881259123625
134.89292629841742
132.04128142656302
129.21547474360815
126.57855308778322
125.77612012819553
125.12783774841735
125.69611711044132
127.93065215931364
132.38344559413784
132.3546193035982
131.18745976781906
0
0
387.4332623450056
390.32121864020104
457.98602136331874
477.05101657943345
484.55491636822626
500.02736459824536
480.5633278114219
0
106.03250906276868
104.72696702534483
102.89479631314795
102.08648638087595
100.64365850067408
99.51600261053137
98.12327645355967
98.1321734349644
101.10261401559539
103.53126863130076
111.75862844751732
115.15108299024222
117.04320857106552
118.48324757759961
119.18265504964639
118.82716549292378
119.04680693161245
119.86680075710997
119.16448529935974
118.54685661437023
118.40114173459374
117.63085607228885
117.2857062999877
117.47282511206726
117.44665826890173
116.60558671068773
114.41816739136124
110.33446045246221
104.64626100938305
99.65258190262362
0
0
0
0
58.78252675693707
58.914224319693695
0
0
0
0
0
0
0
0
0
0
0
0
0
0
0
0
0
0
0
0
0
0
0
0
0
0
0
0
0
0
0
0
0
0
0
0
0
0
0
0
0
0
0
126.99976140864956
125.57470785005809
120.8632001364587
120.98891657092456
122.08081136047176
123.82624200497926
125.72917230056254
127.9949461089588
131.12257499286972
134.99231495131204
150.80532814420133
156.31905590845315
157.4307519311013
154.0234540272025
147.96081429204676
0
0
0
0
0
0
0
0
140.59543449471556
136.9727745674559
132.94848317690887
129.18039047442747
0
0
0
129.7927847903045
132.51848475461887
133.5649738708389
131.56669875697781
125.67276921178778
121.9330717089463
0
0
0
0
0
0
0
0
132.78494761454397
135.1833927830789
135.29879973862057
0
0
0
0
0
0
0
0
0
0
0
0
0
0
0
0
0
0
0
0
164.7539383127053
168.54998272789467
174.0869706197694
186.30525204801148
190.87821164434152
192.9020636818688
0
0
0
0
0
0
0
0
0
0
0
0
108.87026069844313
104.25160688639131
99.39749587486922
98.28882585987564
97.94734762800714
99.63926866338085
100.81558336606041
103.10087419551701
108.7055963908209
109.08318763027418
0
0
0
0
0
0
0
0
0
113.20634797303907
114.17652704995558
113.61699203536553
113.3868743083853
112.87552640625113
110.16945558621111
106.52255072787646
0
0
58.64292163783279
60.45970482263777
60.93952131699501
62.53596497496074
63.22609485393356
102.98982032759749
102.28049576712722
101.9650552862768
103.61059349361162
105.63531054526587
107.38654762806527
108.18752834627904
108.41638625631809
107.31188564234569
105.02780416946408
130.7786787510275
0
0
0
0
0
0
0
0
0
0
0
0
0
99.02172719697803
99.90022529870977
100.1211981438339
100.17157878858565
101.93430099342427
101.06080108224698
100.67746782000117
100.79198299804689
101.24703982214378
101.97596255961014
101.91389206034422
100.72787764203694
99.01484962455534
98.27159568539064
0
0
0
0
0
0
0
57.305544926520405
57.76890069095496
57.60656343702219
61.50031594084757
63.46881256545622
63.39259855435703
63.522770685454624
58.529521820382705
0
0
0
0
0
0
0
0
0
0
0
0
0
0
0
0
0
0
0
0
0
0
0
0
0
0
506.8811858644281
515.2645192826566
522.6126576265243
532.0482866677415
538.7600967853871
535.814904305084
533.7556984772739
548.6930721387879
557.1834821066278
564.4126964671649
570.4328591978297
552.091918511593
0
104.38274489744119
103.03224859325147
104.3236364455375
104.72146729893169
103.57011572056925
101.7263712979403
98.82291812719278
0
0
0
107.38248796983434
110.47675773051222
111.44902056181054
113.37722668692616
113.86096281259582
112.59903096702702
111.49876542278128
110.94400739783052
107.24428670086621
110.53520893708696
113.61073882031972
112.4913714261364
112.16612624727564
113.76830214458006
112.6205968805659
0
0
0
0
0
0
0
0
0
0
0
0
0
0
155.94396483377088
160.5408155725895
159.09791698125846
157.63101113144845
150.64127509834486
144.03314551439095
0
0
0
0
0
0
0
0
0
0
0
0
0
0
0
0
0
0
109.65394540735247
107.69584226393808
102.7343068728312
99.70269420893968
99.14836036207926
99.82270163394944
98.90991249157474
96.90720280561295
97.19991944630699
97.03939797108193
96.93589093694608
0
0
0
568.688539276499
575.3947244546279
586.3383102877967
594.0071584962965
588.9459933625011
570.9895955732441
0
0
0
0
0
0
0
0
0
0
0
0
0
0
0
0
0
0
0
0
0
0
0
0
0
0
0
224.57454530304165
227.98761649834444
226.2462582557073
223.52339537497525
220.09546488724658
215.83318354148412
207.54597719795984
203.66750651569185
200.44472672688943
197.27878510604285
195.40595139468425
199.11995347441444
205.492379835239
209.4365282461682
209.03493536890971
209.33203179585863
0
0
202.02078906915065
202.09988178787526
199.44165442819016
201.49785205484753
202.82683403519633
204.9343875009506
207.94070769036458
0
0
0
0
0
0
0
0
0
0
0
0
0
0
0
0
0
0
0
0
0
0
123.65898072813363
119.95054723927963
117.86223739578293
114.46356642425087
113.25415029502483
113.80261595865521
109.41634407529479
103.95465330633893
100.50403842316494
0
0
0
0
0
0
0
0
0
0
0
0
0
0
0
0
0
101.36958048959613
102.07868713387988
104.64700995410192
108.658251458908
112.081494014944
115.10495080623092
112.76989577812876
109.08391316693093
109.40562194782191
110.95626299807184
111.79963480872303
111.90932428709688
109.58317099279475
108.06922601254135
105.47035041647084
0
0
0
0
0
0
0
0
0
111.74393397155026
109.29501122043477
108.95829168558295
104.45180238826838
104.23327015089822
102.78373041076348
102.6430178194993
100.73916326952411
100.66268572534973
100.91706381747123
102.0249840212223
102.08111854171175
101.1530477778872
100.50850971528598
98.79974695502831
97.946829749839
0
0
0
94.34329100888404
93.63580424212799
93.72515939235868
0
0
0
0
0
0
0
0
0
101.61488481251075
98.86039595458762
97.67775993296041
82.94219446073714
83.10844173769327
81.91085424452177
80.92630729178867
136.5576741776137
130.22527081198024
129.10579015176165
131.8247519072132
137.0259700045142
140.88807028303097
135.45900465543602
131.87897689628002
