1999																						0.00985796854876878	0.00613409245611862	0.997963732143571														0.026847250036188	-0.0138650401371714	0.00542006746933921	0.006134092456118603		0	-0.027120306219194	-0.00330578813449955	1	1	-0.00372387609265016
2038	2038		0.5	0.5	0.5	0	1	0.5	1	1	0.5	0.5	1	1	1	1	1	1	0.5	0.5							0.6	4	1	6	0.46551724137931	1980	0	1	13											0	0	
2052	2052		1	1	0	0	1	1	1	0	1	1	0	0	0	0	0	0.5	1	0							0.8	5	0.8	5	0.5	1978	0	1	8.5											0	0	
2059	2059		1	1	1	0	1	1	1	0	0	1	0	0	1	0	1	0.5	0.5	0							0.4	3	0.4	3	0.603448275862069	1972	0	1	10											0	0	
2065	2065		1	0	0.5	0	1	1	1	1	0	1	1	1	1	0	1	1	0	0							0.2	2	0.6	4	0.827586206896552	1959	0	1	11.5											0	0	
2079	2079		1	0	1	0	1	0	1	1	1	1	0	0	1	1	1	1	1	0							0.2	2	0.4	3	0.741379310344828	1964	0	1	12											0	0	
2087	2087		1	1	0	0	1	0.5	1	1	1	1	1	1	1	0	0.5	1	0.5	0		0.000754398623330414	-0.00744928020308625	-0.65			0.4	3	0.2	2	0.810344827586207	1960	0	1	12.5			-0.0140142433748118	-0.00626961301359552	-0.00206398422085141	-0.007449280203086244		-0.00833338155914443	-0.0102775827582402	-0.0174592213717686	1	1	-0.008203678826416663
2093	2093		1	1	1	0	0	1	1	0	0	0	1	0	0	0	1	1	1	0							0.6	4	0.8	5	0.741379310344828	1964	1	2	9											0	0	
2099	2099		1	0	0	0	0	0	0.5	0	1	0.5	1	0	0	0	0	0.5	1	0		0.0216552194617708	-0.0219635561930098	-0.546541499840038			0.2	2	0.6	4	0.793103448275862	1961	0	1	5.5			-0.0318981292321148	-0.0313505298840759	-0.00264200946283877	-0.021963556193009822		0.0207178725037473	0.0639063362523529	0.00105932213295956	1	1	-0.0436187756547806
2100	2100		1	0	0.5	0	1	0.5	1	0.5	0.5	0.5	0.5	0	0	0	1	1	0.5	0.5							0.8	5	0.6	4	0.620689655172414	1971	1	2	9											0	0	
2106	2106		1	1	0	0	0	0.5	0.5	0	0	1	0	0	0	0	1	1	0.5	1							0.6	4	0.6	4	0.758620689655172	1963	1	2	7.5											0	0	
2113	2113		1	0	0.5	0	1	1	1	0	0	1	1	1	1	0	0	0.5	0.5	0							0.4	3	0.4	3	0.844827586206897	1958	1	2	9.5											0	0	
2118	2118		1	0	0	0	1	1	1	0	1	1	1	0	0	0	1	1	1	0							0.8	5	0.8	5	0.793103448275862	1961	1	2	10											0	0	
2131	2131		1	1	0	0	0	1	1	1	1	1	1	1	1	0.5	1	1	1	1							1	6	1	6	0.741379310344828	1964	1	2	14.5											0	0	
2150	2150		1	0	0	0	1	0	1	0	1	1	1	0	0	0	1	1	1	0							0.6	4	0.8	5	0.689655172413793	1967	1	2	9											0	0	
2182	2182		1	1	1	0	1	1	1	0	1	1	1	1	1	0	1	1	1	0							0.2	2	0.2	2	0.844827586206897	1958	0	1	14											0	0	
2209	2209		1	1	0.5	0	1	1	1	1	1	1	1	0.5	1	1	1	1	1	0							0.8	5	0.8	5	0.810344827586207	1960	0	1	15											0	0	
2211	2211		0.5	0	0	0	0	0	1	0	0	1	1	0.5	0	0	0	0.5	0	0		0.00762132551456259	-0.0049570110630374	-0.980143948260794			1	6	1	6	0.810344827586207	1960	0	1	4.5			0.0017406444777841	-0.0166116776668963	0	-0.0049570110630374		0.00174978172378748	0.046753088704355	-0.0138891121606672	1	1	-0.012578336577599991
2236	2236		0.5	0	0	0	0	0.5	1	1	1	1	1	1	1	1	0	1	1	0							1	6	1	6	0.568965517241379	1974	0	1	11											0	0	
2239	2239		1	0	0.5	0	1	1	1	0	1	0.5	0.5	0	0	0	1	0.5	0.5	1							0.6	4	0.6	4	0.775862068965517	1962	1	2	9.5											0	0	
2243	2243		1	1	1	0	1	1	1	1	1	1	1	1	1	1	1	1	1	1		-0.0114902333145495	0.0350593663731302	1.82082522195812			0.4	3	0.8	5	0.603448275862069	1972	0	1	17			0.0423877783499824	0.0400855270756508	0.0227047936937572	0.035059366373130126		-0.0062176366108706	-0.0262906952317177	-0.0081800047119307	1	1	0.0465495996876797
2248	2248		1	1	0	0	1	1	1	1	1	1	1	0.5	1	1	1	1	1	0		0.000507465944957541	0.022235115281965	0.171176733077659			0.2	2	1	6	0.724137931034483	1965	0	1	14.5			-0.00354610300675073	0.0352770265808156	0.0349744222718302	0.022235115281965024		0.00166527931906124	-0.0194868876734968	0.0110092855083694	1	1	0.02172764933700746
2264	2264		1	1	0	0	0.5	1	1	0	0	1	1	0	0	0	1	1	1	0							0.8	5	0.8	5	0.758620689655172	1963	1	2	9.5											0	0	
2276	2276		0	1	0	0	0	0.5	1	1	1	0.5	1	0	1	1	1	0.5	0.5	0							1	6	1	6	0.844827586206897	1958	0	1	10											0	0	
2279	2279		1	1	0.5	1	1	1	1	1	1	1	1	1	1	1	1	1	0	0		-0.00125346353340909	-0.0248271687457119	-0.372138655671656			1	6	0.8	5	0.431034482758621	1982	1	2	15.5			-0.019331457018307	-0.0314335226015128	-0.023716526617316	-0.024827168745711937		-0.0270568013875134	-0.0265433225572325	-0.0172170680429948	1	1	-0.023573705212302808
2280	2280		1	0	1	0	1	0.5	1	1	1	1	1	0	0	0	1	1	0	0							0.8	5	0.6	4	0.844827586206897	1958	1	2	10.5											0	0	
2284	2284		1	0	0	0	0	1	1	0	1	1	0	0	0	0	1	1	0	0							0	1	0.6	4	0.5	1978	0	1	7											0	0	
2285	2285		0	1	0.5	0.5	1	1	1	1	1	1	0.5	0.5	1	0.5	1	0.5	0.5	0.5							0.2	2	1	6	0.706896551724138	1966	0	1	13											0	0	
2328	2328		1	0	0	0	1	1	1	1	1	1	1	1	1	0	1	1	1	1							0.2	2	0.6	4	0.810344827586207	1960	0	1	14											0	0	
2329	2329		1	0	1	0	0	0	1	0	0	1	1	1	1	1	1	1	1	0							0.4	3	0.8	5	0.620689655172414	1971	1	2	11											0	0	
2354	2354		1	0	1	0	1	1	1	0	0	0	0	1	0	0	1	0.5	1	0							0.2	2	0	1	0.706896551724138	1966	0	1	8.5											0	0	
2355	2355		0.5	0	0	0	0	0	1	0	0	1	1	0	0	1	0	0.5	0	0		0.0899667760260268	-0.0320637395349896	1.67026956335583			0.4	3	1	6	0.517241379310345	1977	1	2	5			0	-0.0490126583298784	-0.0471785602750905	-0.03206373953498964		-0.0395580381691294	0.273223989276551	-0.0133236611984706	1	1	-0.1220305155610164
2372	2372		1	0	0	0	0	0	1	0	0	0	1	0	0	0	0.5	1	1	0		-0.0031139516542407	-0.00496317195638925	0.980929623323678			0.4	3	1	6	0.758620689655172	1963	0	1	5.5			-0.00978002905363962	0.00734397425575839	-0.0124534610712865	-0.004963171956389244		0.00252844635335858	-0.00498754151103897	-0.014354313451683	1	1	-0.0018492203021485496
2424	2424		0.5	0	0	0.5	1	0.5	0.5	0.5	0.5	1	0.5	0	0	0	1	0.5	0.5	0.5							0	1	0.2	2	0.862068965517241	1957	1	2	8											0	0	
2425	2425		0	0	0	0	1	1	0.5	1	1	1	1	1	1	1	1	1	0.5	0							0.4	3	0.8	5	0.46551724137931	1980	1	2	12											0	0	
2428	2428		1	1	0	0	0	0	1	0	0	0	1	0	0	0	0	1	0	0		-0.0175879282586477	-0.00319902456627859	-0.556570151588894			0.2	2	1	6	0.793103448275862	1961	0	1	5			0.0037313476128582	-0.00962471337420956	-0.00370370793748442	-0.0031990245662785934		-0.00567645800480521	-0.0133208439756607	-0.0094429408002823	1	1	0.01438890369236911
2432	2432		1	0	0	0	1	1	1	0	1	1	1	1	1	1	1	1	1	1							1	6	0.8	5	0.637931034482759	1970	1	2	14											0	0	
2439	2439		1	0	0	0	1	1	1	1	1	1	1	1	1	1	1	1	1	0							0.4	3	0.6	4	0.672413793103448	1968	1	2	14											0	0	
2447	2447		0.5	0	1	0	1	0	0.5	0	0	0.5	1	1	0	0	1	0.5	0.5	0							0	1	0.8	5	0.862068965517241	1957	1	2	7.5											0	0	
2474	2474		1	1	0	0	0	0	1	0	1	0	1	0	0	0	0	0	0.5	0							1	6	1	6	0.982758620689655	1950	1	2	5.5											0	0	
2503	2503		0	0	0	0	0	0	1	0	0	0.5	1	1	1	0	0.5	1	0	0							0	1	0	1	0.862068965517241	1957	0	1	6											0	0	
2508	2508		1	1	1	0	1	1	1	1	1	1	0	0	1	0	0	0	0	0							0.6	4	0.2	2	0.396551724137931	1984	0	1	10											0	0	
2512	2512		1	1	1	0.5	1	1	1	1	1	1	1	1	1	1	1	1	1	1		0.013354576541803	0.00381880951191516	1.05825720347672			0.4	3	0.8	5	0.689655172413793	1967	0	1	17.5			0	0.00520640819057405	0.00625002034517141	0.0038188095119151533		0.0735367957745097	-0.00445435034938013	0.00451807997478904	1	1	-0.00953576702988784
2526	2526		1	0	0	1	1	1	1	1	1	1	1	1	1	1	1	1	1	0							0.2	2	1	6	0.655172413793103	1969	1	2	15											0	0	
2527	2527		1	0	0	0	0.5	0	0.5	0	0	0	1	0	0	1	1	0.5	0.5	0							1	6	1	6	0.793103448275862	1961	1	2	6											0	0	
2530	2530		0.5	0.5	0	0.5	0	0.5	0.5	0	0	0.5	1	0	0	0	0	0.5	1	0							1	6	1	6	0.827586206896552	1959	1	2	5.5											0	0	
2539	2539		1	0	1	0	1	1	1	0	0	0.5	1	0	0.5	0	0.5	0.5	1	0							0.6	4	0.4	3	0.775862068965517	1962	0	1	9											0	0	
2565	2565		1	0	0	0	0	1	1	0	0	1	1	0	0	1	1	1	1	0							0.8	5	0.8	5	0.827586206896552	1959	1	2	9											0	0	
2568	2568		0	0	0	0	0	0	0.5	0	0	0.5	0.5	0.5	0	0	0	0.5	1	0		0.00410049899609303	0.000765404086783494	-1.01291209668963			0.6	4	1	6	0.568965517241379	1974	0	1	3.5			0	0.00229621226035048	0	0.0007654040867834934		0	0.00230149698827908	0	1	1	-0.0033350949093095363
2575	2575		1	0	0	0	0	1	1	0.5	1	0.5	0	0	0	0	0	0	1	0							0.8	5	1	6	0.637931034482759	1970	0	1	6											0	0	
2587	2587		1	1	0	0	1	0.5	1	1	1	1	1	0.5	0	1	1	1	0.5	0							0.4	3	0.6	4	0.810344827586207	1960	1	2	12.5											0	0	
2589	2589		1	1	1	0	1	1	1	1	1	0	0	0	0	0	0	0	1	0							0.2	2	0	1	0.603448275862069	1972	0	1	9											0	0	
2594	2594		1	1	0	0	0	1	1	1	1	1	1	1	1	1	1	1	1	0		-0.00403440026980229	0.0153876060895485	0.43			0.4	3	0.2	2	0.724137931034483	1965	0	1	14			0.0193784748373109	0.0130720815673526	0.013712261863982	0.0153876060895485		-0.00687287928776215	0.00101368483084618	-0.00311688564025303	1	1	0.01942200635935079
2602	2602		1	0	0	0	0	0	1	0	1	1	1	1	1	0	1	1	1	0							0.8	5	1	6	0.689655172413793	1967	1	2	10											0	0	
2611	2611		1	1	0	0	0	0.5	1	0	0	1	1	1	1	0	1	1	0.5	0							0.6	4	0.6	4	0.5	1978	1	2	10											0	0	
2637	2637		0	0	0	0	0	1	1	0.5	1	1	1	0	1	1	1	1	1	0							0.4	3	1	6	0.672413793103448	1968	0	1	10.5											0	0	
2647	2647		1	1	1	0	0	1	1	1	1	1	1	1	1	1	1	1	0.5	0.5		-0.000837503652872273	0.0630377089234219	2.92			1	6	1	6	0.810344827586207	1960	0	1	15			0.143602914694273	0.0223569071012764	0.0231533049747168	0.06303770892342207		-0.0185878957680909	-0.042787275205209	0.0302747642465921	1	1	0.06387521257629418
2659	2659		1	0	0.5	0.5	0.5	1	0.5	0	0.5	0.5	1	0.5	1	0.5	0.5	1	0.5	0.5							0.6	4	0	1	0.810344827586207	1960	1	2	10.5											0	0	
2662	2662		0	0	0	0	1	0	0	1	1	1	1	0	0	0	0.5	0.5	1	1							0	1	0	1	0.379310344827586	1985	1	2	8											0	0	
2686	2686		1	1	0	0	1	0	1	0	1	1	0.5	0.5	0	0	1	1	0.5	0							0.2	2	0.6	4	0.379310344827586	1985	0	1	9.5											0	0	
2691	2691		1	0	0	0	0	1	0.5	0	1	1	1	0	1	1	0	0	1	0							0.8	5	0.6	4	0.982758620689655	1950	1	2	8.5											0	0	
2699	2699		1	0	0	0	0	0	1	0	0	1	1	0	0	0	0	0	0.5	0		-0.00188104489953315	-0.00538284837456882	0.388817962575688			0.8	5	0.8	5	0.827586206896552	1959	1	2	4.5			-0.00634922767865875	-0.00649352931054836	-0.00330578813449933	-0.005382848374568813		0	-0.0032206147000422	-0.0124225199985573	1	1	-0.0035018034750356705
2706	2706		1	0	0	0	0	0	1	0	0	0	1	0	0	0	0	0	0.5	0		-0.0116436797606681	-0.00950146920422005	1.56			1	6	1	6	0.879310344827586	1956	1	2	3.5			-0.0105597602150023	-0.00879126541117059	-0.0091533819864873	-0.009501469204220065		-0.00231213975837963	-0.0107643665871584	-0.00416667269484594	1	1	0.0021422105564480494
2708	2708		1	0	0	0	1	1	1	0.5	1	0.5	1	1	0.5	0	0.5	1	1	0							1	6	0.6	4	0.982758620689655	1950	1	2	11											0	0	
2722	2722		0	1	0	0	1	0	1	0	1	1	1	1	1	1	1	1	0	0							0.2	2	1	6	0.482758620689655	1979	0	1	11											0	0	
2744	2744		1	0	0	0	1	1	1	1	1	0	1	0	0	0	0	0	1	1							1	6	1	6	0.586206896551724	1973	0	1	9											0	0	
2752	2752		0	0	1	0	0	0	0.5	0	0	0	1	0	0	0	0	1	0	0							0.2	2	1	6	0.706896551724138	1966	1	2	3.5											0	0	
2777	2777		1	0	0	0	0.5	0.5	0.5	1	1	1	1	1	1	1	1	1	0.5	1							0.6	4	0.8	5	0.603448275862069	1972	1	2	13											0	0	
2786	2786		1	1	0	0	0	1	1	1	1	1	1	1	1	1	1	1	0	1							0.4	3	0.8	5	0.982758620689655	1950	1	2	14											0	0	
2788	2788		1	0	0	0	0	0.5	1	1	1	1	1	1	1	1	1	1	1	0							0.2	2	0.6	4	0.724137931034483	1965	0	1	12.5											0	0	
2789	2789		1	0	1	0	1	0	1	0	1	1	1	1	1	0	1	1	1	0							0	1	1	6	0.551724137931034	1975	0	1	12											0	0	
2800	2800		1	1	1	0	1	1	1	1	1	1	1	0	1	1	1	0	1	1		-0.00671095380401709	0.00275787050609111	0.97489309400186			0.8	5	0.4	3	0.637931034482759	1970	0	1	15			0.0170089143013259	0.00103145960666229	-0.00976676238971486	0.0027578705060911104		-0.0121750258752793	-0.0101626890922017	-0.00997017231984954	1	1	0.0094688243101082
2811	2811		1	0	0	0	0	1	1	0	1	1	1	1	1	0	1	1	1	0							0.8	5	0.8	5	0.620689655172414	1971	0	1	11											0	0	
2819	2819		1	0	1	0	1	1	1	1	1	1	0	0	1	0	1	1	0	0							1	6	0.8	5	0.724137931034483	1965	0	1	11											0	0	
2820	2820		0	1	0	0	0	0	0	0	0.5	0.5	0.5	0	0	0	0	0	0	0							0.6	4	1	6	0.810344827586207	1960	1	2	2.5											0	0	
2834	2834		1	0	0	0	1	1	1	1	1	1	1	0	0	0	1	1	0.5	0							0.2	2	0.8	5	0.448275862068966	1981	1	2	10.5											0	0	
2843	2843		1	1	1	0	1	0.5	1	1	1	1	0.5	0.5	1	1	1	0.5	1	0.5		0.0232335437741935	0.00857921127907243	1.47			0.2	2	0.8	5	0.655172413793103	1969	0	1	14.5			0.0103951040003398	-0.00314630568936503	0.0184888355262425	0.008579211279072423		0.00545555090153682	0.00310720084274863	0.00659343047983185	1	1	-0.01465433249512107
2849	2849		1	0	0	0	1	0	1	0	0.5	0.5	0	0	0	0	0.5	1	0	0							0.2	2	0.6	4	0.482758620689655	1979	0	1	5.5											0	0	
2890	2890		1	1	0	0	1	0.5	1	1	1	1	1	1	1	0	1	1	1	0							0.4	3	0.8	5	0.568965517241379	1974	0	1	13.5											0	0	
2922	2922		0.5	0	0	0	1	1	1	0	1	0.5	0	0	0	1	1	0.5	0	0							1	6	1	6	0.810344827586207	1960	0	1	7.5											0	0	
2927	2927		1	1	0	0	1	1	1	1	1	1	1	1	1	1	1	1	0.5	1							0.8	5	0.6	4	0.637931034482759	1970	1	2	15.5											0	0	
2929	2929		1	0	1	0	1	0.5	0.5	0	0	1	1	1	1	0	1	1	1	1							0.4	3	0.6	4	0.827586206896552	1959	1	2	12											0	0	
2931	2931		0.5	0	0	0	0	0	0.5	0	0	0	1	0	0.5	0	0.5	0	0	0		-0.0254257093708441	-0.0409851475075015	0.129837971214655			0.4	3	1	6	0.655172413793103	1969	0	1	3			-0.11232918497392	-0.0288085766317749	0.0181823190831905	-0.04098514750750147		-0.00690451534654457	-0.0423140046914161	-0.0439631234211162	1	1	-0.015559438136657399
2933	2933		0.5	1	0	0	1	1	1	1	1	1	1	1	1	0	0	0.5	0.5	0							0.4	3	0.2	2	0.741379310344828	1964	1	2	11.5											0	0	
2936	2936		0	0	1	0	0	1	1	1	1	1	1	1	1	1	1	1	0.5	1		-0.011484993168457	-0.0166285555479073	0.89			0.4	3	0.4	3	0.862068965517241	1957	1	2	13.5			-0.0204506104712909	-0.0175443096509094	-0.0118907465215217	-0.016628555547907334		-0.009732436918231	-0.0148465081169946	-0.0196084713883764	1	1	-0.005143562379450298
2941	2941		0.5	0	0	0	0	0	1	0	0	1	1	0	0	0	0	1	1	0							0.8	5	1	6	0.810344827586207	1960	1	2	5.5											0	0	
2955	2955		1	0	0	0	0	0	1	0	0	0.5	1	0	1	0	1	0	0.5	0							1	6	1	6	0.844827586206897	1958	1	2	6											0	0	
2967	2967		1	0	0	0	1	0.5	1	0.5	0.5	0.5	1	0.5	0.5	0	1	0.5	0.5	0.5							0.6	4	1	6	0.827586206896552	1959	1	2	9.5											0	0	
2972	2972		1	0	0	0	1	0.5	1	0	1	0	0	0	1	0	0	0	0.5	1							0.8	5	1	6	0.53448275862069	1976	0	1	7											0	0	
2974	2974		1	1	0	0	1	0	1	0	0	1	1	0.5	0	0	0	0	0	0							0.4	3	0.2	2	0.862068965517241	1957	1	2	6.5											0	0	
2975	2975		1	1	1	1	1	1	1	0.5	1	1	1	1	1	1	1	1	1	1		0.013808779726296	0.0277703983721187	-0.12031529232266			0.4	3	0.8	5	0.655172413793103	1969	0	1	17.5			0.0236286183934451	0.00678889233368629	0.0528936843892247	0.0277703983721187		-0.0134772929434808	-0.00279329790561267	-0.00578036291549933	1	1	0.0139616186458227
2988	2988		0	1	1	1	1	1	1	0	0	0	1	0	0	0	1	0.5	1	0							0.8	5	1	6	0.862068965517241	1957	1	2	9.5											0	0	
3028	3028		0	0	1	0	1	0.5	1	0	0	1	0	0	1	1	1	1	0	0							0.2	2	0.8	5	0.931034482758621	1953	0	1	8.5											0	0	
3037	3037		1	0	0	0	1	1	1	0	1	1	1	1	1	0	1	1	0.5	0.5							0.6	4	0.6	4	0.844827586206897	1958	1	2	12											0	0	
3046	3046		1	0	0	0	0	0	1	0	0	0	1	0	0	0	0	0	0	0		-0.0103599686440371	-0.0011322943330158	0.491438720457699			0.2	2	1	6	0.775862068965517	1962	1	2	3			-0.00526779093485907	0	0.00187090793581168	-0.0011322943330157966		-0.00753299230754512	-0.010752791776262	-0.0103271141558494	1	1	0.0092276743110213
3066	3066		0	0	1	0	0	0	1	0	0	0	1	0	0	0	0	0	1	0							0.6	4	1	6	0.982758620689655	1950	1	2	4											0	0	
3091	3091		1	1	0	0	1	1	1	1	1	1	1	0	1	0	0	0	1	0							1	6	1	6	0.53448275862069	1976	0	1	11											0	0	
3095	3095		1	0	0	0	1	1	1	0	0	1	0	0	1	0	0	1	1	0							0	1	0.6	4	0.362068965517241	1986	0	1	8											0	0	
3098	3098		1	1	1	0	1	1	1	1	1	0	1	0	1	1	1	1	1	1							0.4	3	0.8	5	0.862068965517241	1957	1	2	15											0	0	
3102	3102		1	0	0	0	1	1	1	1	1	1	1	1	1	1	1	1	0	0		-0.0066648117180812	-0.000702343413318133	0.259867830067685			0.8	5	0.6	4	0.827586206896552	1959	0	1	13			0.011599135843352	-0.00841047850859633	-0.00529568757471011	-0.000702343413318147		-0.00533334597536239	-0.00166527931906124	0.00167084416481766	1	1	0.0059624683047630675
3112	3112		1	1	0	1	1	1	1	0	0	1	1	0.5	1	1	1	1	0.5	0							0.2	2	0.6	4	0.844827586206897	1958	0	1	13											0	0	
3120	3120		1	0	0	0	1	0	1	0	1	0	0	0	0	0	0	0	1	0							0.2	2	0.8	5	0.879310344827586	1956	0	1	5											0	0	
3130	3130		1	0	0	0	0	0	1	0	1	1	1	0.5	0	0	0	0.5	0	0							0.8	5	0.8	5	0.844827586206897	1958	1	2	6											0	0	
3144	3144		1	0	0	0	0	1	1	0	1	1	1	1	1	1	1	1	0	1							1	6	0.8	5	0.655172413793103	1969	1	2	12											0	0	
3165	3165		0.5	1	0	0	0	0	1	0	0.5	0.5	0	0	0	1	0.5	1	0	0							0.6	4	1	6	0.5	1978	0	1	6											0	0	
3188	3188		1	1	0	0	1	1	1	1	1	1	1	1	1	1	1	1	1	0		0.00320391771635512	0.00694778705087362	0.791			0.2	2	1	6	0.655172413793103	1969	0	1	15			0.02311350968716	-0.00227014853453911	0	0.0069477870508736295		0.00233554018192805	-0.00452830962474726	0.0141400627738126	1	1	0.0037438693345185
3201	3201		0	0	0	0	1	0	1	0	0	1	1	0	0	0	0	0	0.5	0							0.8	5	0.8	5	0.827586206896552	1959	1	2	4.5											0	0	
3203	3203		1	0	1	0	1	0.5	1	1	0	1	0	0	0	0	0.5	0.5	0	0							0.2	2	1	6	0.689655172413793	1967	1	2	7.5											0	0	
3215	3215		1	0	0	0	0	0.5	1	1	1	1	0	0	0	0	1	1	1	0							1	6	1	6	0.793103448275862	1961	1	2	8.5											0	0	
3221	3221		1	0.5	0	0	1	1	1	0.5	0.5	0.5	1	0.5	0.5	0.5	1	1	0	0							1	6	0.8	5	0.862068965517241	1957	1	2	10.5											0	0	
3222	3222		1	1	0	0	0	0	1	0	0	1	1	1	1	0	0	0	0	0							0.6	4	1	6	0.741379310344828	1964	0	1	7											0	0	
3241	3241		1	0	0	0	0	1	1	1	1	1	0.5	0.5	0	1	1	0.5	1	1							0.6	4	0.6	4	0.793103448275862	1961	0	1	11.5											0	0	
3253	3253		1	1	1	0	1	0	1	0	0	1	1	1	1	1	1	1	0	0							0.2	2	0.8	5	0.568965517241379	1974	0	1	12											0	0	
3260	3260		0.5	0	0	0	0	0	0.5	0	1	0	1	0	0	0	0	0	0	0		-0.00411461020023414	0.0319278774030198	0.974284424379307			0.4	3	0.8	5	0.793103448275862	1961	1	2	3			0.0846830872300386	0.0302398851897182	-0.0191393402106974	0.0319278774030198		-0.0199011543172949	-0.0170944333593002	0.00475060275859773	1	1	0.03604248760325394
3263	3263		1	0	0	0	1	1	1	1	1	1	1	1	1	1	1	1	1	0							1	6	0.6	4	0.724137931034483	1965	0	1	14											0	0	
3268	3268		1	1	0	0	0	1	1	1	0.5	0	1	1	1	1	0	1	1	0							0.8	5	0.6	4	0.706896551724138	1966	0	1	11.5											0	0	
3306	3306		1	0.5	0	0	0	1	1	0.5	1	1	1	1	1	1	0.5	1	1	0							0.4	3	1	6	0.758620689655172	1963	0	1	12.5											0	0	
3307	3307		1	0	1	0	0	0.5	1	0	1	0	1	0	0	0	0.5	0.5	1	1							0.4	3	0.4	3	0.844827586206897	1958	1	2	8.5											0	0	
3317	3317		1	0	0	0	0	0	1	0	1	1	0	0	0	0	0	0	1	0							1	6	1	6	0.706896551724138	1966	0	1	5											0	0	
3318	3318		1	0	0	0	0.5	1	1	0	0.5	1	1	0.5	0.5	0.5	0.5	0.5	0.5	0.5							1	6	0.8	5	0.844827586206897	1958	1	2	9.5											0	0	
3322	3322		0	1	0	0	1	1	1	0	1	1	1	0	0	0	1	1	0.5	0							0.6	4	0.6	4	0.879310344827586	1956	0	1	9.5											0	0	
3326	3326		1	0	0	0	1	1	1	1	1	1	1	1	1	1	1	1	0.5	1							0.2	2	0.6	4	0.862068965517241	1957	1	2	14.5											0	0	
3337	3337		1	0	0	0	1	1	1	1	1	1	0	0	0	0	1	1	1	0							0.4	3	0.8	5	0.655172413793103	1969	1	2	10											0	0	
3353	3353		1	0	0	0	1	1	1	0	1	1	1	0	1	0	1	1	0.5	1							0.8	5	0.8	5	0.637931034482759	1970	1	2	11.5											0	0	
3367	3367		0	0	0	0	0	1	1	0	1	0	0	0	1	0	1	1	1	0							0	1	0.2	2	0.568965517241379	1974	0	1	7											0	0	
3398	3398		1	0	0	0	0	0	1	0	1	0	0	0	0	0	0	0	1	0							0.6	4	0.6	4	0.379310344827586	1985	0	1	4											0	0	
3408	3408		1	0	0	0	0	0	1	0	1	0	0	0	0	0	0	0	1	0							0.6	4	0.6	4	0.362068965517241	1986	0	1	4											0	0	
3412	3412		1	0	0	0	0	0	0	0	0	0.5	1	0	0	0	0	0	0	0		-0.00841987027217095	-0.00932011543992051	1.12295040551458			1	6	1	6	0.672413793103448	1968	0	1	2.5			-0.0119404403719179	-0.00941922191649169	-0.00660068403135194	-0.00932011543992051		-0.00668898815079677	-0.0122700925918142	-0.0229895182246986	1	1	-0.0009002451677495599
3437	3437		1	0	0	0	1	0.5	1	0	1	1	1	1	1	1	1	1	1	0							1	6	0.8	5	0.672413793103448	1968	1	2	12.5											0	0	
3443	3443		1	0	0	0	1	1	1	0	0	1	1	1	1	0	1	1	0	0							0.6	4	0.8	5	0.672413793103448	1968	1	2	10											0	0	
3481	3481		0.5	0	0	0	1	0.5	0.5	0	1	0	1	0	0	0	1	0.5	0.5	0		-0.0689590017881268	0.00693937002414261	-0.51			0.6	4	1	6	0.620689655172414	1971	1	2	6.5			0.0801200143103498	-0.0713173409823331	0.0120154367444112	0.006939370024142636		-0.0183888361732136	-0.0858357953612545	-0.0810412100031259	1	1	0.07589837181226941
3485	3485		1	0	0	0	0	1	1	0	0	1	1	1	1	0	1	1	1	0							0.6	4	0.8	5	0.655172413793103	1969	1	2	10											0	0	
3491	3491		1	0	0	0	0	0.5	0.5	0	1	0.5	1	1	1	1	1	0.5	0.5	0.5							0.2	2	0.6	4	0.775862068965517	1962	0	1	10											0	0	
3493	3493		1	0	0	0	1	0	1	0	0	0.5	1	0	0	0	1	0	0	0							0.6	4	0.8	5	0.586206896551724	1973	1	2	5.5											0	0	
3495	3495		0.5	0.5	0.5	0	1	0.5	1	1	0.5	0.5	1	0	0.5	0	0.5	0.5	1	0							0.6	4	0.6	4	0.775862068965517	1962	0	1	9.5											0	0	
3527	3527		1	1	0	0	1	0	1	0	0	1	0.5	0	0	0	1	1	0	0							0	1	0.4	3	0.775862068965517	1962	0	1	7.5											0	0	
3528	3528		1	1	0	0	1	1	1	0	1	1	0	0	0	0	0	0	1	0							0.2	2	0.2	2	0.741379310344828	1964	0	1	8											0	0	
3543	3543		1	1	0	0	1	1	1	1	1	1	1	1	1	1	0.5	1	1	0.5		-0.0264455144451565	0.0567487786642359	1.55383541383988			0.6	4	1	6	0.810344827586207	1960	0	1	15			0.155601006404905	0.0161412161793852	-0.00149588659158284	0.0567487786642358		0.0161175650210685	-0.0906543682681309	0.0113178249326613	1	1	0.0831942931093924
3560	3560		1	0	0.5	0.5	1	1	1	0.5	1	0.5	0	0	0.5	0	1	1	1	0.5							0.4	3	0.2	2	0.620689655172414	1971	0	1	11											0	0	
3595	3595		1	0	0	0	1	1	1	0	1	0	0	0	0	0	0	1	0	0							1	6	0.8	5	0.637931034482759	1970	0	1	6											0	0	
3602	3602		1	0	1	1	1	1	1	0	1	1	1	1	1	1	1	1	1	0		-0.0037688454692724	-0.00654902737494467	0.410851830610641			0.2	2	1	6	0.46551724137931	1980	0	1	15			-0.0115330447004567	-0.0038797332855891	-0.00423430413878823	-0.006549027374944676		-0.0109238797043827	-0.0043615286005303	0.00305499219271299	1	1	-0.00278018190567227
3614	3614		1	0	0	0	0	0	0.5	0	0.5	1	1	0	0	0	1	0.5	0	0.5							0.2	2	0.8	5	0.844827586206897	1958	1	2	6											0	0	
3625	3625		0.5	0.5	1	0	1	1	0.5	0	0	0.5	1	0.5	0.5	0	1	0.5	0.5	0							0.4	3	0.6	4	0.827586206896552	1959	1	2	9											0	0	
3640	3640		0	0	0	0	1	0	1	0	0	1	0	0	0	0	0	0	0	0							0.2	2	0.6	4	0.586206896551724	1973	0	1	3											0	0	
3646																						-0.000477067020020557	0.0043524594625967	0.014769057221529														0.0145140428842541	-0.00145666449646398	0	0.004352459462596707		0	-0.00289855275401152	0.00146735169394985	1	1	0.004829526482617257
3648	3648		1	1	0	0	1	1	1	1	1	1	1	1	1	1	1	1	1	1							1	6	1	6	0.827586206896552	1959	0	1	16											0	0	
3649	3649		0	1	0.5	0	1	0.5	1	0.5	0.5	1	1	1	0	0	1	1	1	0							0.2	2	0.8	5	0.568965517241379	1974	0	1	11											0	0	
3650	3650		1	0	0	0	1	1	1	0	0	1	1	0.5	0	0	0	1	1	0							0.4	3	1	6	0.793103448275862	1961	1	2	8.5											0	0	
3653	3653		0.5	0	0	0	1	1	1	0	1	0.5	1	1	1	1	1	1	0.5	0							1	6	1	6	0.741379310344828	1964	1	2	11.5											0	0	
3674	3674		1	0	0	0	1	0	1	1	0	1	1	1	1	1	1	1	0	0							0.2	2	0.8	5	0.637931034482759	1970	1	2	11											0	0	
3685	3685		0.5	0	1	0	0	0.5	1	0	0	0.5	1	1	1	1	1	1	0	0.5							0.4	3	1	6	0.862068965517241	1957	1	2	10											0	0	
3696	3696		1	1	0	0	1	1	1	1	1	1	1	0	1	0	1	1	0.5	1							0.4	3	0.8	5	0.775862068965517	1962	0	1	13.5											0	0	
3720	3720		1	0	0	0	1	1	1	0.5	1	1	1	1	1	1	1	1	0.5	0.5		-0.0133333333333333	0	-0.009			1	6	0.8	5	0.793103448275862	1961	1	2	13.5			0	0	0	0		0	0	0	1	1	0.0133333333333333
3746	3746		1	0	0.5	0	1	0	1	0	0	0	0.5	0	0	0	0	0	0	0		-0.00766833388757944	-0.0315586349239454	0.293173392868901			0.2	2	1	6	0.724137931034483	1965	1	2	4			-0.0156497716671278	-0.0486144326866849	-0.0304117004180235	-0.0315586349239454		0.294486600146115	-0.0379897045427429	-0.0150152971199955	1	1	-0.02389030103636596
3754	3754		1	1	0	1	1	1	1	1	1	1	1	1	1	1	1	1	1	0		-0.0166959808347256	-0.0109928618510689	-0.731393910944664			0.6	4	0.6	4	0.551724137931034	1975	0	1	16			-0.019463079625472	-0.017935402625886	0.00441989669815124	-0.010992861851068922		-0.0100671991177239	-0.0273321064724912	-0.0127558360316855	1	1	0.0057031189836567
3767	3767		1	0	1	0	1	1	1	0	1	1	1	1	0	0	0.5	1	0.5	1							0.2	2	0.2	2	0.655172413793103	1969	1	2	12											0	0	
3770	3770		1	1	0	0	1	1	1	1	1	1	1	1	1	1	1	1	1	1							0.2	2	0.8	5	0.655172413793103	1969	1	2	16											0	0	
3824	3824		1	0	0.5	0	1	0.5	1	0.5	0	1	0	0	0	0	1	0.5	0.5	0.5							0.4	3	0.6	4	0.586206896551724	1973	1	2	8											0	0	
3854	3854		1	1	0	0	1	1	1	1	1	0.5	1	0.5	1	0.5	0	0.5	1	1							0.8	5	1	6	0.689655172413793	1967	0	1	13											0	0	
3860	3860		1	0	0	0	0	0	1	0	0	0	1	0	0	0	0	0	0.5	0		-0.0238465441227892	-0.0168135901114594	1.99639552607			1	6	1	6	0.637931034482759	1970	1	2	3.5			-0.029210378099801	-0.0119967162876315	-0.00923367594694557	-0.01681359011145936		-0.00940740710189547	-0.0311245435039298	-0.0304150888644377	1	1	0.007032954011329799
3881	3881		0.5	0	0	0	0	0.5	1	0	0	0.5	1	0	1	0	0	1	0.5	0							0.4	3	0.6	4	0.758620689655172	1963	1	2	6											0	0	
3910	3910		0.5	0	0	0	0.5	1	1	0	1	1	1	1	1	1	0.5	1	1	0							0.4	3	0.8	5	0.568965517241379	1974	1	2	11.5											0	0	
3911	3911		1	0	0	0	0.5	0	0.5	0	0	0.5	1	0	0	0	0	0	0.5	0		0.0226169815670452	0.0201960904776681	0.665			0.4	3	1	6	0.758620689655172	1963	1	2	4			0.03927997416844	-0.0388817875442076	0.0601900848087717	0.020196090477668033		0.012721019601311	0.0329864989963067	0.0448644457048288	1	1	-0.002420891089377101
3928	3928		1	0	0	0	0	0	1	0	1	0	0.5	0	0	0	0	0	0	0		0.00232014545618616	0.00284914588547824	-0.494424193228241			1	6	0.6	4	0.672413793103448	1968	0	1	3.5			0.00557582401055701	-0.00300364954420962	0.00597526319008734	0.0028491458854782437		-0.00429001086950764	0.00128232545889695	0.00567811090966153	1	1	0.0005290004292920801
3934	3934		1	1	1	1	1	0	1	1	1	1	1	1	1	1	1	1	1	1		-0.00981629766836045	0.0348429133172162	0.833845708882451			0.4	3	0.4	3	0.810344827586207	1960	1	2	17			0.110944893951727	0.0199011543172949	-0.0263173083173733	0.0348429133172162		-0.0208099995137934	-0.0312901579932101	-0.0181587350118713	1	1	0.04465921098557665
3958	3958		1	0	0	0	1	0.5	1	0	1	1	1	1	1	1	1	1	1	0							0.6	4	0.8	5	0.758620689655172	1963	1	2	12.5											0	0	
3975	3975		0	0	0	0	0.5	1	1	0.5	1	1	1	1	1	1	1	1	0.5	1							0.6	4	0.8	5	0.620689655172414	1971	1	2	12.5											0	0	
3979	3979		1	0	0	0	0	1	1	0	0	1	1	1	1	0	0	1	0	0							0.6	4	1	6	0.879310344827586	1956	0	1	8											0	0	
3984	3984		1	0	0	0	1	1	1	0	1	1	1	1	1	0	1	1	1	1							0.6	4	0.8	5	0.724137931034483	1965	1	2	13											0	0	
3986	3986		1	0	0	0	0	1	1	0.5	1	1	1	1	1	1	1	1	1	1		-0.0108068151294756	0.0257901461259987	-0.371071538326935			0.4	3	0.2	2	0.53448275862069	1976	1	2	13.5			0.0752234212375875	-0.0458971566923021	0.0480441738327106	0.02579014612599867		-0.0149735417901624	0.0018034269991507	-0.0342238723875774	1	1	0.0365969612554743
4021	4021		1	0	0	0	1	1	1	1	1	1	1	0	0	0	1	1	0.5	0							0.8	5	0	1	0.879310344827586	1956	0	1	10.5											0	0	
4033	4033		0.5	1	0	0	0	0	0.5	0	0	0	0.5	0.5	0	0	0	0	0.5	0							0.2	2	1	6	0.637931034482759	1970	0	1	3.5											0	0	
4051	4051		0	1	0	0	0	0	1	0	1	1	1	0	0	0	0	0	0	0		0.00743247474434191	-0.00347233382070182	-0.0889667054515551			0.8	5	1	6	0.793103448275862	1961	0	1	5			-0.0038486256612944	-0.00390879976505243	-0.00265957603575862	-0.0034723338207018166		-0.0013377928416598	-0.00387847932857088	-0.00382409643840331	1	1	-0.010904808565043729
4052	4052		1	0	1	0	1	1	1	1	1	1	0	0	1	1	0	0.5	1	0		-0.0116109340531991	-0.00548493229615824	-1.22			0.4	3	0.2	2	0.53448275862069	1976	0	1	11.5			-0.00809721023261956	-0.00693003466466968	-0.00142755199118549	-0.0054849322961582425		-0.00573889666901817	-0.00685403642779225	-0.00797876573180512	1	1	0.0061260017570408595
4066	4066		1	1	0	1	1	0.5	1	1	1	1	1	1	1	1	1	1	1	0		-0.0464359055353534	-0.00398700643362811	-0.222998183955067			0.6	4	0.2	2	0.827586206896552	1959	0	1	15.5			0.00744288390707837	-0.0170944333593002	-0.00230946984866254	-0.003987006433628123		-0.0254985767685953	-0.0392207131532811	-0.0600870034527792	1	1	0.04244889910172529
4081	4081		1	1	1	0	1	1	1	0	0	1	1	0	0	0	0	1	1	0							0.2	2	0.8	5	0.827586206896552	1959	1	2	10											0	0	
4099	4099		1	0	0	0	0	0	1	0	0.5	0.5	1	0.5	0	0.5	0	0.5	0.5	0							0.6	4	1	6	0.862068965517241	1957	1	2	6											0	0	
4139	4139		1	0	0	0	0.5	0	1	0	0.5	1	1	0	0	0	1	1	0	0							0.8	5	0.8	5	0.827586206896552	1959	1	2	7											0	0	
4171	4171		1	0	0	0	0	0	1	0	1	0.5	0	0	0	0	0	0.5	0	0							0.6	4	1	6	0.810344827586207	1960	1	2	4											0	0	
4182	4182		1	0	0	0	0	0	1	0	0.5	1	1	0	0	0	0.5	0.5	0.5	0							0.6	4	1	6	0.689655172413793	1967	0	1	6											0	0	
4206	4206		1	1	1	0	1	1	1	1	1	1	1	1	1	1	0	1	1	0		0.0218219888467879	-0.0137682274906241	-0.41			0.8	5	1	6	0.844827586206897	1958	0	1	15			-0.0206903932574463	-0.0140353181163835	-0.00657897109804262	-0.01376822749062414		-0.0066666913581892	0.0139375078437816	0.0415284586965821	1	1	-0.035590216337412
4208	4208		1	0	0.5	0	1	1	1	0.5	0.5	1	1	1	1	1	1	0.5	1	0							0.6	4	1	6	0.672413793103448	1968	0	1	13											0	0	
4243	4243		1	1	1	0	1	1	1	0	0	1	1	1	1	0	0	1	0.5	0							0.8	5	1	6	0.827586206896552	1959	1	2	11.5											0	0	
4258	4258		0	1	0	0	0	0	1	0	0	0.5	0.5	0	0	0	0	0.5	1	0		-0.0105619396913803	0.0122583747216116	0.0917410882086533			1	6	1	6	0.827586206896552	1959	1	2	4.5			0.0411419433311753	0	-0.00436681916634041	0.012258374721611632		-0.0111733005981254	-0.0218914214818533	-0.00979439759228762	1	1	0.0228203144129919
4264	4264		1	1	0	0	1	1	1	1	1	1	1	1	1	0	0	0.5	1	0							0.2	2	0.6	4	0.724137931034483	1965	1	2	12.5											0	0	
4272	4272		1	0	0	0	0.5	0.5	1	0	0.5	1	1	1	1	0.5	1	1	0.5	1							0.6	4	0.6	4	0.844827586206897	1958	1	2	11.5											0	0	
4289	4289		1	1	1	1	1	1	1	1	0	1	1	1	1	1	1	1	0.5	1		-0.0105799563889296	-0.0140826349765046	2.25626438178292			0.2	2	0.2	2	0.793103448275862	1961	0	1	16.5			-0.0146599484106846	-0.0180185055026783	-0.00956945101615081	-0.014082634976504568		-0.00486618965117303	-0.0195445960729703	-0.0121952730938184	1	1	-0.0035026785875749995
4293	4293		0.5	0	0.5	0	0.5	0.5	1	0	0	0.5	0.5	0.5	0	0	0.5	0.5	1	0							0.6	4	0.8	5	0.724137931034483	1965	1	2	6.5											0	0	
4299	4299		1	1	1	1	1	1	1	1	1	1	1	1	1	1	1	1	1	0		0.00489627725479328	0.0232679321935176	2.09720740414088			0.2	2	0.8	5	0.482758620689655	1979	1	2	17			0.0808823886441221	-0.00311042241439252	-0.00796816964917668	0.023267932193517634		0.0143887374520995	0.00311526731694922	0.00157356444743062	1	1	0.018371654938724318
4309	4309		1	0.5	0	0	0.5	1	1	0.5	0	1	1	1	1	1	1	1	0.5	0							0.6	4	0.6	4	0.637931034482759	1970	0	1	12											0	0	
4330	4330		0	0	0	0	0	0.5	1	0	0	1	0.5	0	0	0	1	0.5	0.5	0.5							0.4	3	0.6	4	0.844827586206897	1958	1	2	5.5											0	0	
4333	4333		1	0	1	0	0	0.5	1	0.5	1	1	1	1	1	1	1	0	1	1							0.6	4	0.8	5	0.862068965517241	1957	1	2	13											0	0	
4343	4343		1	0	0	0	0	1	1	0	1	1	1	0	0	0	1	1	1	0							0	1	0.8	5	0.844827586206897	1958	1	2	9											0	0	
4355	4355		1	1	0	0	1	0.5	1	1	1	1	1	1	1	1	1	1	1	0		0.0139633603956329	0.00211512558032704	0.31			0.2	2	1	6	0.551724137931034	1975	0	1	14.5			0.0241252366886262	-0.0280130362276738	0.0102331762800287	0.0021151255803270323		-0.00550359121697896	-0.00568506363460841	0.0175751448215071	1	1	-0.01184823481530586
4360	4360		1	1	0	0	1	0	1	0	1	0	0.5	0	0	0	0.5	0.5	0	0							1	6	0.8	5	0.672413793103448	1968	0	1	6.5											0	0	
4362	4362		1	0	0	0	1	0.5	0.5	0	1	1	1	0	0	0	1	1	0.5	0.5							0	1	0.2	2	0.413793103448276	1983	1	2	9											0	0	
4390	4390		0.5	0	0	0	0	0	0	0	0	1	1	1	1	1	0	1	0.5	0							0.2	2	0.6	4	0.706896551724138	1966	1	2	7											0	0	
4392	4392		1	0	0	0	1	0.5	1	0	0	0.5	1	0	0	0	0	0	1	0							0.6	4	1	6	0.775862068965517	1962	0	1	6											0	0	
4395	4395		1	0	1	0	1	1	1	1	1	1	1	0	1	0	1	1	0	0							0.4	3	0.4	3	0.827586206896552	1959	0	1	12											0	0	
4398	4398		1	0	0	0	0	0	1	0	0	0	0	0	0	0	0	0	1	0		-0.00441170966405324	0.00458670193199658	0.78720515962543			0.6	4	1	6	0.706896551724138	1966	0	1	3			0.0193398453300335	-0.00802572526230394	0.00244598572826016	0.004586701931996573		-0.0115895336946652	-0.00162999221093107	-0.00160513678122864	1	1	0.00899841159604982
6001	6001		0	1	0	0	1	0.5	1	0	1	1	0	0	0	0	1	1	0	0							0.6	4	0.8	5	0.741379310344828	1964	0	1	7.5											0	0	
9999	9999		1	0	0	0	1	1	1	1	1	0.5	1	0	0	0	1	1	1	0		0.0101692909309243	0.0595185106193168	0.548			0.6	4	1	6	0.637931034482759	1970	1	2	10.5			0.0812134395145718	-0.0446809714192986	0.142023063762677	0.059518510619316733		-0.0445986378005905	-0.00805806132976228	0.0185659341225353	1	1	0.0493492196883925
																																														0	0	
