fast	extraction amount	cooperation =(20-extraction)/20	timeDEC	inTime	experienced	L_numStudies	gender	age	ed	social_cons	fiscal_cons	god	failedComp
0	0	1	18.194	1	1	3.041787	1	46	5	5	7	4	0
0	15	0.25	23.11	1	1	2.399674	2	29	5	1	5	8	0
0	0	1	20.278	1	0	2.178977	1	39	4	4	5	2	1
1	20	0	5.976	1	1		2	37	4	3	5	10	0
0	20	0	13.795	1	0	2.654176	2	50	5	6	6	10	0
0	0	1	12.556	1	1	2.603144	1	25	5	4	4	10	0
0	20	0	7.622	0	1	2.699838	2	25	2	7	7	1	0
1	0	1	5.208	1	1	1.322219	2	39	6	2	5	5	1
0	0	1	7.371	0	1	2.448706	2	23	5	1	3	4	0
1	0	1	5.663	1	1	2.217484	2	33	2	2	6	10	0
0	0	1	11.899	1	1	0.30103	1	22	5	2	2	3	0
0	0	1	19.052	1	0	2.363612	1	25	5	1	3	10	0
1	10	0.5	9.629	0	1	2.178977	2	32	6	1	2	1	0
0	15	0.25	18.606	1	1	3.000434	2	27	5	2	2	9	1
0	20	0	16.363	1	1	3.778224	1	31	5	7	7	10	0
1	20	0	3.442	1	1	2.778874	2	32	5	1	1	1	0
0	10	0.5	13.199	1	1	2.303196	2	27	5	3	5	2	0
0	8	0.6	37	1	1	2.399674	1	20	4	2	2	1	0
1	10	0.5	6.22	1	0	2.004321	2	26	5	2	3	10	0
1	20	0	3.723	1	1	3.602169	1	20	2	4	4	1	0
0	20	0	13.041	1	1	2.303196	1	22	4	3	1	10	0
0	10	0.5	40.947	1	1	2.716838	1	18	4	1	2	1	0
1	20	0	6.741	1	0	1.414973	1	31	5	6	7	10	0
0	20	0	25.206	1	1	3.477266	1	24	5	3	3	1	0
1	10	0.5	6.218	1	1	2.929929	1	32	5	5	3	4	0
1	0	1	3.942	1	1	2.658965	1	39	6	2	6	1	0
0	15	0.25	12.212	1	1	3.176381	1	33	5	2	2	1	0
0	10	0.5	16.464	1	1	2.178977	1	22	2	2	4	1	0
0	0	1	13.161	1	1	3.477266	1	23	4	2	2	1	0
1	20	0	5.379	1	1	2.892651	1	22	5	4	4	10	0
1	20	0	5.28	1	1	2.699838	1	23	4	3	4	7	0
1	0	1	7.61	1	0	2.004321	2	29	5	3	5	2	0
0	0	1	16.222	1	1	2.954725	1	28	6	1	1	6	0
1	20	0	5.99	1	0	2.440909	1	29	2	4	4	10	0
0	20	0	14.392	1	1	2.303196	1	26	5	2	4	3	0
0	10	0.5	25.589	1	0	1.78533	1	24	5	3	4	3	0
1	10	0.5	14.226	0	1	2.603144	1	23	5	4	4	2	0
1	20	0	6.069	1	1	3.000434	1	28	4	3	3	1	1
0	20	0	13.911	1	1	2.004321	2	25	6	2	4	10	0
1	20	0	7.933	1	1	3.398114	1	37	6	4	4	7	0
1	0	1	5.821	1	1	2.603144	1	29	6	4	4	3	0
0	10	0.5	24.195	1	1	3.000434	1	26	4	2	2	1	0
1	0	1	3.087	1	1	3.477266	1	23	5	1	1	1	0
0	0	1	23.82	1	1	2.699838	2	30	4	2	2	1	0
1	0	1	8.941	0	1	2.948902	2	24	5	1	1	1	0
0	20	0	14.189	1	1	2.603144	1	33	5	4	4	1	0
1	0	1	6.026	1	0	2.334454	1	35	5	1	7	1	0
0	0	1	13.244	1	1	2.262451	1	22	4	1	1	1	0
0	20	0	25.36	1	0	1.39794	2	22	4	4	4	7	0
0	0	1	20.779	1	1	2.813581	1	20	4	3	4	1	0
1	10	0.5	10.202	0	1	0.845098	1	33	4	4	7	6	0
1	0	1	4.394	1	1	2.004321	1	25	4	1	2	1	0
0	0	1	18.504	1	1	2.303196	2	23	5	1	2	2	0
0	0	1	16.46	1	1	1.778151	2	39	2	3	3	1	0
1	20	0	7.202	1	0	2.178977	1	26	6	3	4	1	0
1	20	0	51.128	0	1	3.278982	1	25	5	2	6	1	0
1	20	0	4.771	1	1	2.303196	2	27	5	3	5	1	0
1	0	1	7.699	1	1	2.545307	1	26	6	3	5	10	0
0	0	1	3.054	0	1	2.699838	2	24	5	1	2	1	0
0	20	0	5.798	0	1	3.079543	1	24	5	3	5	2	0
0	20	0	22.908	1	0	3.301247	1	38	5	5	5	10	0
0	0	1	22.016	1	0	1.908485	1	23	5	3	5	8	0
0	0	1	13.894	1	1	2.545307	1	23	4	1	1	1	0
0	0	1	11.249	1	1	2.004321	1	27	6	2	2	9	0
1	20	0	6.319	1	1	2.741152	1	37	4	3	5	10	0
1	20	0	6.551	1	1	3.000434	1	22	2	4	4	5	0
1	0	1	6.33	1	1	2.004321	2	24	4	1	4	1	0
1	0	1	4.091	1	0	1.491362	1	21	4	2	2	2	0
0	20	0	12.356	1	1	2.478566	1	23	5	1	4	3	0
1	20	0	5.361	1	1	2.478566	1	24	5	2	4	5	0
0	0	1	10.517	1	1	1.041393	1	27	4	4	4	6	0
1	0	1	7.89	1	1	3.079543	1	24	5	2	4	7	0
0	10	0.5	21.267	1	1	2.764923	1	33	5	2	2	1	1
1	20	0	6.695	1	1	3.398114	1	22	2	2	2	1	0
0	20	0	11.183	1	0	2.004321	1	24	6	3	3	8	0
0	0	1	13.325	1	0	1.929419	1	26	5	4	4	6	0
1	10	0.5	5.11	1	1	2.399674	1	30	5	2	4	1	0
1	15	0.25	6.411	1	1	2.178977	1	21	4	2	3	7	0
1	20	0	3.108	1	1	0.4771213	1	26	5	2	4	9	0
0	0	1	11.904	1	1	3.000434	2	29	6	2	5	2	1
0	20	0	13.533	1	1	2.603144	1	30	5	2	3	5	0
0	0	1	27.221	1	0	3.000434	2	37	5	3	4	8	0
0	0	1	16.658	1	0	1.491362	1	23	5	4	5	6	1
1	10	0.5	6.793	1	1	1.612784	1	22	4	1	1	1	0
1	5	0.75	7.108	1	1	0.7781513	1	50	5	6	6	9	1
0	10	0.5	8.445	0	1	2.699838	2	23	4	1	1	1	0
1	0	1	4.598	1	1	1.491362	2	24	5	1	5	1	0
1	10	0.5	5.004	1	1	1.322219	1	18	4	3	4	1	1
1	7	0.65	6.602	1	1	2.082785	1	18	5	2	4	1	0
0	20	0	12.493	1	1	2.903632	1	26	4	2	2	1	0
0	20	0	14.131	1	1	2.699838	2	27	5	2	5	6	0
1	0	1	3.566	1	1	3.041787	2	23	4	6	7	10	0
0	5	0.75	16.23	1	1	2.004321	1	25	5	2	3	1	0
0	20	0	28.105	1	1	2.569374	1	24	5	5	5	8	0
1	6	0.7	6.603	1	0		1	37	6	4	4	1	0
1	20	0	9.803	0	1	3.079543	1	26	4	3	4	1	0
1	10	0.5	5.998	1	1	3.161667	2	24	6	1	1	1	0
0	0	1	12.756	1	1	2.363612	1	20	4	3	6	1	0
1	20	0	7.608	1	1	1.748188	2	26	4	1	5	1	0
0	10	0.5	18.501	1	0	1.70757	2	30	5	5	5	1	0
1	0	1	6.389	1	1	3.278982	2	58	5	1	2	1	0
0	20	0	12.25	1	0	2.478566	2	23	2	2	5	1	1
1	0	1	3.546	1	0	3.176381	2	30	4	1	1	3	1
0	20	0	24.755	1	0	1.591065	2	26	5	3	3	10	0
1	20	0	6.992	1	1	1.70757	2	30	5	1	1	1	0
0	0	1	5.487	0	1	2.954725	2	30	4	1	1	1	0
1	0	1	6.564	1	0	2.399674	1	23	2	3	4	10	0
0	5	0.75	6.169	0	1	3.000434	2	24	2	1	3	1	0
1	5	0.75	9.009	0	1	2.87564	1	36	5	3	5	7	0
0	5	0.75	19.832	1	1	3.176381	2	24	5	1	1	1	0
1	20	0	6.875	1	1	2.178977	1	30	5	3	3	4	0
0	20	0	18.228	1	1	2.903632	1	59	4	5	6	10	0
0	0	1	15.966	1	1	2.778874	1	32	4	2	7	1	1
1	0	1	4.483	1	0		1	25	5	4	4	5	1
0	20	0	5.822	0	0	3.073352	1	27	5	2	3	8	0
1	20	0	5.989	1	1	3.001734	1	37	4	1	6	1	0
0	20	0	12.356	1	1	3.000434	1	32	4	1	3	1	0
1	20	0	9.407	0	1	2.699838	2	54	5	6	6	10	0
1	20	0	9.079	0	1	3.496238	1	28	4	3	5	7	0
1	20	0	6.127	1	1	0.69897	1	21	2	3	4	7	0
1	10	0.5	6.47	1	1	3.101059	1	31	3	3	3	1	0
0	0	1	19.309	1	1	2.303196	2	32	4	2	3	10	0
0	0	1	11.194	1	1	3.041787	2	20	2	1	2	1	0
1	20	0	4.663	1	1	2.303196	1	24	5	6	6	10	0
1	1	0.95	5.958	1	1	1.556303	1	31	5	5	6	9	0
1	0	1	7.65	1	1	3.000434	2	53	4	2	2	1	0
1	0	1	4.544	1	1	2.929929	1	28	4	3	3	1	1
1	20	0	9.797	0	1	2.485721	2	19	4	2	2	1	0
0	20	0	27.321	1	1	2.699838	1	25	5	1	3	1	0
1	10	0.5	6.166	1	1	2.545307	2	28	5	2	6	1	0
1	20	0	4.297	1	1	3.079543	1	21	4	3	3	1	1
1	20	0	5.696	1	1	2.178977	1	25	5	3	4	6	0
0	0	1	14.936	1	0	1.431364	1	28	4	5	5	1	0
0	0	1	22.76	1	1	2.87564	1	29	5	5	5	1	0
0	20	0	13.897	1	1	3.079543	1	20	4	3	5	10	0
0	0	1	14.974	1	1	3.005181	2	19	4	4	4	10	1
0	0	1	13.651	1	1	3.079543	1	34	1	1	1	1	0
0	10	0.5	3.554	0	0	2.478566	1	20	2	4	5	7	0
1	10	0.5	6.506	1	0	1.322219	1	32	4	2	5	1	0
1	0	1	4.239	1	1	2.082785	1	26	5	1	7	1	0
1	8	0.6	6.807	1	1	2.478566	1	21	4	2	3	3	0
0	0	1	19.626	1	0	1.959041	2	23	4	3	2	10	0
1	13	0.35	2.438	1	1	0.7781513	1	22	5	4	5	6	0
0	0	1	13.352	1	1	3.477266	2	26	2	1	1	10	0
1	20	0	6.389	1	1	3.176381	1	29	6	2	4	1	0
0	20	0	14.071	1	1	2.654176	1	20	4	4	4	1	0
1	20	0	5.451	1	1	1.041393	1	35	4	4	6	9	1
0	0	1	12.318	1	1	2.004321	2	26	4	2	7	9	1
0	0	1	18.888	1	0	2.245513	1	22	5	1	1	1	0
1	10	0.5	5.114	1	1	2.954725	1	23	5	4	5	1	0
1	0	1	9.784	0	1	1.414973	1	53	6	6	7	8	0
1	0	1	5.642	1	1	1.70757	2	19	4	1	3	1	0
1	0	1	16.35	0	1	2.478566	1	24	4	1	1	1	0
0	0	1	6.506	0	1	2.004321	2	19	4	4	4	10	0
1	0	1	10.224	0	0	1.414973	1	21	5	3	5	4	0
1	20	0	9.507	0	1	2.699838	2	45	4	6	7	10	0
0	5	0.75	19.845	1	0	1.934498	2	21	2	3	5	3	0
1	10	0.5	5.074	1	1	2.661813	1	19	2	4	4	3	0
0	15	0.25	14.019	1	1	2.025306	1	26	5	2	5	1	0
1	0	1	6.464	1	1	0.7781513	1	33	4	4	4	1	0
1	10	0.5	3.073	1	1	2.004321	2	28	3	2	3	1	1
1	0	1	8.792	0	1	2.004321	2	23	5	2	7	2	0
1	0	1	4.945	1	1	2.082785	1	32	5	3	5	10	1
0	20	0	82.51	1	1	2.399674	1	24	2	1	4	1	0
0	0	1	13.198	1	0	2.178977	2	36	4	2	5	1	0
1	15	0.25	9.209	0	1	2.603144	1	22	4	1	1	2	1
0	0	1	17.744	1	1	1.322219	2	32	2	5	4	10	0
0	20	0	13.696	1	0	2.303196	2	21	5	5	4	7	0
0	0	1	12.411	1	1	2.699838	1	25	4	3	5	1	0
1	20	0	6.687	1	1	1.70757	2	48	4	1	6	10	0
1	10	0.5	4.009	1	1	2.741152	2	35	6	2	5	1	0
0	0	1	12.99	1	1	3.041787	1	22	4	1	3	7	1
1	20	0	5.865	1	1	2.699838	1	22	4	2	3	10	0
0	0	1	16.03	1	1	2.303196	1	22	5	1	3	1	0
1	0	1	7.517	1	1	2.778874	1	27	4	4	4	3	0
1	0	1	6.72	1	1	2.399674	1	24	5	4	4	10	0
1	0	1	8.05	0	1	3.000434	2	25	5	3	3	8	1
1	20	0	7.2	1	1	2.55145	2	35	4	4	4	8	0
1	0	1	4.886	1	1	2.478566	2	28	6	1	2	1	1
0	20	0	27.646	1	0	0.7781513	1	27	4	3	3	9	0
1	0	1	7.137	1	0	1.851258	1	31	5	1	2	1	1
0	20	0	15.849	1	1	1.70757	1	21	2	4	6	1	0
0	10	0.5	14.358	1	1	2.499687	1	38	3	2	6	1	0
0	5	0.75	41.44	1	1	2.082785	2	49	4	2	2	7	0
1	0	1	5.285	1	0	1.70757	1	29	5	4	4	7	0
1	20	0	7.499	1	1	2.954725	1	23	5	2	2	4	0
0	20	0	11.1	1	1	2.004321	1	34	5	5	5	10	1
0	20	0	18.407	1	1	2.545307	1	26	5	1	2	1	0
1	0	1	3.949	1	1	2.654176	2	32	6	2	2	1	0
0	5	0.75	21.328	1	1	2.004321	1	20	4	4	4	1	1
1	0	1	4.898	1	1	1.612784	1	30	6	2	3	3	0
0	15	0.25	11.523	1	1	1.041393	2	25	5	3	3	1	0
0	15	0.25	13.383	1	1	3.477266	1	30	3	1	1	1	0
0	0	1	13.217	1	1	2.699838	1	29	5	1	6	7	0
0	20	0	12.833	1	1	3.000434	2	21	5	5	5	1	0
0	20	0	14.065	1	1	2.004321	1	24	4	1	6	1	0
0	0	1	12.316	1	1	2.004321	1	19	2	3	3	7	1
0	0	1	22.431	1	1	3.699057	1	25	5	3	3	1	0
0	20	0	14.466	1	1	2.382017	1	23	5	2	4	1	0
0	0	1	39.722	1	1	1.70757	2	28	5	2	3	2	1
0	0	1	22.13	1	1	3.431525	1	22	5	3	5	1	0
0	15	0.25	22.409	1	1	2.699838	1	25	2	4	5	6	1
1	20	0	7.773	1	0	2.394452	1	18	2	7	5	1	0
0	10	0.5	28.026	1	0	0	1	21	4	1	2	1	0
1	5	0.75	3.322	1	1	2.545307	2	24	4	1	1	1	0
0	0	1	15.75	1	1	2.478566	2	48	4	6	6	3	0
1	0	1	7.081	1	1	3.301247	2	49	4	3	4	1	0
0	10	0.5	21.177	1	1	2.699838	1	35	2	6	7	10	0
0	0	1	25.165	1	1	3.954291	2	34	4	2	3	1	0
0	10	0.5	22.876	1	0	1.612784	1	30	4	1	6	1	0
0	20	0	11.505	1	1	2.545307	2	22	5	1	4	1	0
0	0	1	47.419	1	1	2.603144	2	57	5	4	3	9	0
1	0	1	4.8	1	0	2.004321	1	20	4	5	6	10	0
0	5	0.75	22.29	1	0	1.491362	1	20	4	2	3	1	0
0	10	0.5	13.298	1	0	1.041393	2	27	4	1	4	1	0
1	10	0.5	5.041	1	1	2.206826	1	23	4	3	5	10	0
1	0	1	7.398	1	1	2.478566	2	39	5	7	5	10	0
1	20	0	6.068	1	1	2.478566	1	19	2	6	2	10	0
0	0	1	11.604	1	1	3.954291	2	25	4	2	2	1	0
0	10	0.5	15.787	1	1	1.70757	1	25	5	2	6	7	0
0	0	1	22.746	1	1	2.303196	1	32	5	2	4	1	0
0	20	0	20.171	1	0	2.004321	2	26	1	4	4	5	0
1	5	0.75	12.011	0	0	0	2	42	6	3	4	3	0
0	6	0.7	14.923	1	1	2.303196	1	22	2	2	3	3	0
0	20	0	16.48	1	1	2.478566	2	20	2	2	6	3	0
0	1	0.95	14.391	1	1	2.178977	1	25	5	6	6	10	1
1	10	0.5	5.614	1	1	2.813581	1	35	6	1	4	3	0
0	10	0.5	38.808	1	0	1.70757	1	24	4	2	3	1	0
1	20	0	5.406	1	1	2.382017	1	34	4	1	1	1	0
1	20	0	5.311	1	0	1.908485	1	21	4	5	5	1	0
0	20	0	142.12	1	1	2.303196	1	22	4	3	5	2	0
1	20	0	4.214	1	0	3.041787	1	20	5	2	2	1	0
0	17	0.15	26.977	1	1	2.082785	1	29	3	3	5	8	0
1	20	0	4.357	1	1	2.399674	1	18	4	1	5	1	0
1	0	1	3.648	1	1	2.954725	1	18	4	3	5	1	0
0	0	1	10.464	1	1	3.778224	1	27	4	4	7	10	0
1	10	0.5	5.266	1	1	3.204391	2	29	5	1	1	2	0
1	0	1	3.337	1	0	3.176381	2	20	5	4	4	2	1
0	20	0	150.449	1	0	0.69897	2	33	2	4	4	10	1
1	20	0	9.027	0	1	3.000434	1	20	4	6	6	10	0
0	20	0	12.595	1	1	3.176381	1	23	5	4	5	1	0
0	20	0	22.106	1	0	1.908485	2	28	5	1	4	3	0
1	0	1	5.601	1	0	0.4771213	1	35	5	5	3	1	0
0	6	0.7	1.837	0	1	0	1	22	4	3	4	9	1
1	20	0	10.006	0	0	2.004321	2	24	2	5	2	9	0
0	20	0	20.104	1	0	2.344392	1	24	4	2	2	5	0
1	20	0	6.119	1	1	2.864511	1	22	4	4	4	10	0
1	10	0.5	7.299	1	1	1.70757	2	36	6	2	2	8	0
1	20	0	5.477	1	1	1.880814	2	32	4	2	6	7	0
0	0	1	11.992	1	0	1.230449	1	26	5	3	4	1	0
1	0	1	5.513	1	0	1.880814	1	20	2	2	3	1	1
0	0	1	15.259	1	1	1.70757	2	28	2	3	5	4	0
1	0	1	6.558	1	0	2.399674	2	31	5	2	5	1	0
0	10	0.5	33.07	1	1	2.478566	2	20	5	1	4	1	0
0	20	0	23.435	1	0	0	1	19	2	1	3	1	1
1	0	1	7.979	1	1	0.30103	2	38	5	4	6	1	0
1	0	1	6.841	1	1	1.70757	1	38	4	3	3	5	0
0	0	1	19.027	1	1	2.778874	1	18	2	4	4	5	0
0	20	0	13.758	1	0	1.799341	1	27	5	5	3	5	0
1	10	0.5	9.705	0	1	2.303196	1	27	6	1	3	1	0
0	8	0.6	9.31	0	0	1.70757	1	24	4	2	3	8	0
0	20	0	17.06	1	0	1.70757	1	29	5	5	5	8	0
1	20	0	6.856	1	1	1.70757	1	27	5	1	2	2	0
1	0	1	6.483	1	1	1.431364	1	24	4	4	4	5	0
1	20	0	5.078	1	1	1.041393	1	27	5	4	4	10	0
0	20	0	30.232	1	0	1.491362	1	38	4	3	7	10	0
0	0	1	46.283	1	0	0.7781513	2	23	4	3	3	5	0
1	20	0	7.818	1	1	2.699838	1	40	5	3	3	8	0
1	0	1	7.07	1	0	1.041393	2	21	5	2	4	6	0
0	20	0	12.458	1	0	0	2	33	5	1	1	10	1
0	0	1	11.513	1	0	1.70757	1	29	5	2	5	9	0
1	13	0.35	6.029	1	1	1.491362	2	26	5	2	7	8	0
0	0	1	14.993	1	0	1.041393	1	29	6	5	7	10	0
0	0	1	13.837	1	1	2.537819	2	22	5	2	3	1	0
0	0	1	13.908	1	0	1.612784	1	33	5	2	5	9	0
0	20	0	19.133	1	1	1.041393	1	28	2	5	4	2	1
1	0	1	6.102	1	0	0.69897	1	27	2	4	3	10	0
1	9	0.55	7.736	1	0	1.78533	1	29	5	2	6	8	0
0	20	0	10.906	1	0	1.322219	2	21	4	4	4	4	1
